%% List of manually-defined color vectors. Only uncomment one set at a time
% %H&E - Clinical GBM samples
% He = [0.243809523809524;0.12515406162465;0.376358543417367];%Hematoxylin
% DAB = [0.794509803921569;0.596078431372549;0.754640522875817]; %Eosin
% Res = [0.955685693646359;0.954777233295538;0.95569140200229]; %whitespace
%HDAB (Pimo) - Clinical GBM samples
% He=[0.497348075593874;0.454502300920368;0.548785059478337];%Hematoxylin
% DAB=[0.42703081232493;0.295372315592904;0.192553688141923];%extracellular PIMO DAB stain
% Res=[0.958331923545983;0.958525050073317;0.958220621844635];%whitespace
%HDAB (EF5) - Maria EF5 spheroids
He=[0.529086824123589;0.510830733808675;0.611638443256091]; %Hematoxylin
DAB=[0.559790367760006;0.366525104665522;0.242426432938768]; %extracellular EF5 DAB stain
Res=[0.949263779235744;0.94894871937437;0.949808184143264]; %whitespace
% %Landini ImageJ default HDAB values (inverted)
% He=[1-0.65;1-0.704;1-0.286]; %Hematoxylin
% DAB=[1-0.268;1-0.570;1-0.776]; %DAB
% Res=[1;1;1]; %Background